Reward Step  Collision POINT DISTANCE APF_WAY
99.25  155   0         150   150      3
99.22  160   0         150   150      3
99.20  165   0         150   150      3
99.24  157   0         150   150      3
99.195 166   0         150   150      3
99.24  157   0         150   150      3
59.25  158   4         150   150      3
99.37  131   0         150   150      3
79.28  151   2         150   150      3
-70.66 155   17        150   150      3
99.325 140   0         150   150      3

---
78.355 154   2.09      150   150      3








