1.000000000000000000e+01 2.500000000000000000e+02
1.500000000000000000e+01 2.550000000000000000e+02
2.000000000000000000e+01 2.600000000000000000e+02
2.500000000000000000e+01 2.650000000000000000e+02
3.000000000000000000e+01 2.700000000000000000e+02
3.500000000000000000e+01 2.750000000000000000e+02
4.000000000000000000e+01 2.800000000000000000e+02
4.500000000000000000e+01 2.850000000000000000e+02
5.000000000000000000e+01 2.900000000000000000e+02
5.500000000000000000e+01 2.950000000000000000e+02
6.000000000000000000e+01 3.000000000000000000e+02
6.500000000000000000e+01 3.050000000000000000e+02
6.500000000000000000e+01 3.100000000000000000e+02
6.500000000000000000e+01 3.150000000000000000e+02
7.000000000000000000e+01 3.200000000000000000e+02
6.500000000000000000e+01 3.250000000000000000e+02
7.000000000000000000e+01 3.300000000000000000e+02
7.500000000000000000e+01 3.350000000000000000e+02
7.000000000000000000e+01 3.400000000000000000e+02
7.500000000000000000e+01 3.450000000000000000e+02
8.000000000000000000e+01 3.500000000000000000e+02
7.500000000000000000e+01 3.550000000000000000e+02
8.000000000000000000e+01 3.500000000000000000e+02
7.500000000000000000e+01 3.550000000000000000e+02
8.000000000000000000e+01 3.500000000000000000e+02
7.500000000000000000e+01 3.550000000000000000e+02
8.000000000000000000e+01 3.500000000000000000e+02
7.500000000000000000e+01 3.550000000000000000e+02
8.000000000000000000e+01 3.500000000000000000e+02
7.500000000000000000e+01 3.550000000000000000e+02
8.000000000000000000e+01 3.500000000000000000e+02
7.500000000000000000e+01 3.550000000000000000e+02
8.000000000000000000e+01 3.500000000000000000e+02
7.500000000000000000e+01 3.550000000000000000e+02
8.000000000000000000e+01 3.500000000000000000e+02
7.500000000000000000e+01 3.550000000000000000e+02
8.000000000000000000e+01 3.500000000000000000e+02
7.500000000000000000e+01 3.550000000000000000e+02
8.000000000000000000e+01 3.500000000000000000e+02
7.500000000000000000e+01 3.550000000000000000e+02
8.000000000000000000e+01 3.500000000000000000e+02
7.500000000000000000e+01 3.550000000000000000e+02
8.000000000000000000e+01 3.500000000000000000e+02
7.500000000000000000e+01 3.550000000000000000e+02
8.000000000000000000e+01 3.500000000000000000e+02
7.500000000000000000e+01 3.550000000000000000e+02
8.000000000000000000e+01 3.500000000000000000e+02
7.500000000000000000e+01 3.550000000000000000e+02
8.000000000000000000e+01 3.500000000000000000e+02
7.500000000000000000e+01 3.550000000000000000e+02
8.000000000000000000e+01 3.500000000000000000e+02
7.500000000000000000e+01 3.550000000000000000e+02
8.000000000000000000e+01 3.500000000000000000e+02
7.500000000000000000e+01 3.550000000000000000e+02
8.000000000000000000e+01 3.500000000000000000e+02
7.500000000000000000e+01 3.550000000000000000e+02
8.000000000000000000e+01 3.500000000000000000e+02
7.500000000000000000e+01 3.550000000000000000e+02
8.000000000000000000e+01 3.500000000000000000e+02
7.500000000000000000e+01 3.550000000000000000e+02
8.000000000000000000e+01 3.500000000000000000e+02
7.500000000000000000e+01 3.550000000000000000e+02
8.000000000000000000e+01 3.500000000000000000e+02
7.500000000000000000e+01 3.550000000000000000e+02
8.000000000000000000e+01 3.500000000000000000e+02
7.500000000000000000e+01 3.550000000000000000e+02
8.000000000000000000e+01 3.500000000000000000e+02
7.500000000000000000e+01 3.550000000000000000e+02
8.000000000000000000e+01 3.500000000000000000e+02
7.500000000000000000e+01 3.550000000000000000e+02
8.000000000000000000e+01 3.500000000000000000e+02
7.500000000000000000e+01 3.550000000000000000e+02
8.000000000000000000e+01 3.500000000000000000e+02
7.500000000000000000e+01 3.550000000000000000e+02
8.000000000000000000e+01 3.500000000000000000e+02
7.500000000000000000e+01 3.550000000000000000e+02
8.000000000000000000e+01 3.500000000000000000e+02
7.500000000000000000e+01 3.550000000000000000e+02
8.000000000000000000e+01 3.500000000000000000e+02
7.500000000000000000e+01 3.550000000000000000e+02
8.000000000000000000e+01 3.500000000000000000e+02
7.500000000000000000e+01 3.550000000000000000e+02
8.000000000000000000e+01 3.500000000000000000e+02
7.500000000000000000e+01 3.550000000000000000e+02
8.000000000000000000e+01 3.500000000000000000e+02
7.500000000000000000e+01 3.550000000000000000e+02
8.000000000000000000e+01 3.500000000000000000e+02
7.500000000000000000e+01 3.550000000000000000e+02
8.000000000000000000e+01 3.500000000000000000e+02
7.500000000000000000e+01 3.550000000000000000e+02
8.000000000000000000e+01 3.500000000000000000e+02
7.500000000000000000e+01 3.550000000000000000e+02
8.000000000000000000e+01 3.500000000000000000e+02
7.500000000000000000e+01 3.550000000000000000e+02
8.000000000000000000e+01 3.500000000000000000e+02
7.500000000000000000e+01 3.550000000000000000e+02
8.000000000000000000e+01 3.500000000000000000e+02
7.500000000000000000e+01 3.550000000000000000e+02
8.000000000000000000e+01 3.500000000000000000e+02
7.500000000000000000e+01 3.550000000000000000e+02
8.000000000000000000e+01 3.500000000000000000e+02
7.500000000000000000e+01 3.550000000000000000e+02
8.000000000000000000e+01 3.500000000000000000e+02
7.500000000000000000e+01 3.550000000000000000e+02
8.000000000000000000e+01 3.500000000000000000e+02
7.500000000000000000e+01 3.550000000000000000e+02
8.000000000000000000e+01 3.500000000000000000e+02
7.500000000000000000e+01 3.550000000000000000e+02
8.000000000000000000e+01 3.500000000000000000e+02
7.500000000000000000e+01 3.550000000000000000e+02
8.000000000000000000e+01 3.500000000000000000e+02
7.500000000000000000e+01 3.550000000000000000e+02
8.000000000000000000e+01 3.500000000000000000e+02
7.500000000000000000e+01 3.550000000000000000e+02
8.000000000000000000e+01 3.500000000000000000e+02
7.500000000000000000e+01 3.550000000000000000e+02
8.000000000000000000e+01 3.500000000000000000e+02
7.500000000000000000e+01 3.550000000000000000e+02
8.000000000000000000e+01 3.500000000000000000e+02
7.500000000000000000e+01 3.550000000000000000e+02
8.000000000000000000e+01 3.500000000000000000e+02
7.500000000000000000e+01 3.550000000000000000e+02
8.000000000000000000e+01 3.500000000000000000e+02
7.500000000000000000e+01 3.550000000000000000e+02
8.000000000000000000e+01 3.500000000000000000e+02
7.500000000000000000e+01 3.550000000000000000e+02
8.000000000000000000e+01 3.500000000000000000e+02
7.500000000000000000e+01 3.550000000000000000e+02
8.000000000000000000e+01 3.500000000000000000e+02
7.500000000000000000e+01 3.550000000000000000e+02
8.000000000000000000e+01 3.500000000000000000e+02
7.500000000000000000e+01 3.550000000000000000e+02
8.000000000000000000e+01 3.500000000000000000e+02
7.500000000000000000e+01 3.550000000000000000e+02
8.000000000000000000e+01 3.500000000000000000e+02
7.500000000000000000e+01 3.550000000000000000e+02
8.000000000000000000e+01 3.500000000000000000e+02
7.500000000000000000e+01 3.550000000000000000e+02
8.000000000000000000e+01 3.500000000000000000e+02
7.500000000000000000e+01 3.550000000000000000e+02
8.000000000000000000e+01 3.500000000000000000e+02
7.500000000000000000e+01 3.550000000000000000e+02
8.000000000000000000e+01 3.500000000000000000e+02
7.500000000000000000e+01 3.550000000000000000e+02
8.000000000000000000e+01 3.500000000000000000e+02
7.500000000000000000e+01 3.550000000000000000e+02
8.000000000000000000e+01 3.500000000000000000e+02
7.500000000000000000e+01 3.550000000000000000e+02
8.000000000000000000e+01 3.500000000000000000e+02
7.500000000000000000e+01 3.550000000000000000e+02
8.000000000000000000e+01 3.500000000000000000e+02
7.500000000000000000e+01 3.550000000000000000e+02
8.000000000000000000e+01 3.500000000000000000e+02
7.500000000000000000e+01 3.550000000000000000e+02
8.000000000000000000e+01 3.500000000000000000e+02
7.500000000000000000e+01 3.550000000000000000e+02
8.000000000000000000e+01 3.500000000000000000e+02
7.500000000000000000e+01 3.550000000000000000e+02
8.000000000000000000e+01 3.500000000000000000e+02
7.500000000000000000e+01 3.550000000000000000e+02
8.000000000000000000e+01 3.500000000000000000e+02
7.500000000000000000e+01 3.550000000000000000e+02
8.000000000000000000e+01 3.500000000000000000e+02
7.500000000000000000e+01 3.550000000000000000e+02
8.000000000000000000e+01 3.500000000000000000e+02
7.500000000000000000e+01 3.550000000000000000e+02
8.000000000000000000e+01 3.500000000000000000e+02
7.500000000000000000e+01 3.550000000000000000e+02
8.000000000000000000e+01 3.500000000000000000e+02
7.500000000000000000e+01 3.550000000000000000e+02
8.000000000000000000e+01 3.500000000000000000e+02
7.500000000000000000e+01 3.550000000000000000e+02
8.000000000000000000e+01 3.500000000000000000e+02
7.500000000000000000e+01 3.550000000000000000e+02
8.000000000000000000e+01 3.500000000000000000e+02
7.500000000000000000e+01 3.550000000000000000e+02
8.000000000000000000e+01 3.500000000000000000e+02
7.500000000000000000e+01 3.550000000000000000e+02
8.000000000000000000e+01 3.500000000000000000e+02
7.500000000000000000e+01 3.550000000000000000e+02
8.000000000000000000e+01 3.500000000000000000e+02
7.500000000000000000e+01 3.550000000000000000e+02
8.000000000000000000e+01 3.500000000000000000e+02
7.500000000000000000e+01 3.550000000000000000e+02
8.000000000000000000e+01 3.500000000000000000e+02
7.500000000000000000e+01 3.550000000000000000e+02
8.000000000000000000e+01 3.500000000000000000e+02
7.500000000000000000e+01 3.550000000000000000e+02
8.000000000000000000e+01 3.500000000000000000e+02
7.500000000000000000e+01 3.550000000000000000e+02
8.000000000000000000e+01 3.500000000000000000e+02
7.500000000000000000e+01 3.550000000000000000e+02
8.000000000000000000e+01 3.500000000000000000e+02
7.500000000000000000e+01 3.550000000000000000e+02
8.000000000000000000e+01 3.500000000000000000e+02
7.500000000000000000e+01 3.550000000000000000e+02
8.000000000000000000e+01 3.500000000000000000e+02
7.500000000000000000e+01 3.550000000000000000e+02
8.000000000000000000e+01 3.500000000000000000e+02
7.500000000000000000e+01 3.550000000000000000e+02
8.000000000000000000e+01 3.500000000000000000e+02
7.500000000000000000e+01 3.550000000000000000e+02
8.000000000000000000e+01 3.500000000000000000e+02
7.500000000000000000e+01 3.550000000000000000e+02
8.000000000000000000e+01 3.500000000000000000e+02
7.500000000000000000e+01 3.550000000000000000e+02
8.000000000000000000e+01 3.500000000000000000e+02
7.500000000000000000e+01 3.550000000000000000e+02
8.000000000000000000e+01 3.500000000000000000e+02
7.500000000000000000e+01 3.550000000000000000e+02
8.000000000000000000e+01 3.500000000000000000e+02
7.500000000000000000e+01 3.550000000000000000e+02
8.000000000000000000e+01 3.500000000000000000e+02
7.500000000000000000e+01 3.550000000000000000e+02
8.000000000000000000e+01 3.500000000000000000e+02
7.500000000000000000e+01 3.550000000000000000e+02
8.000000000000000000e+01 3.500000000000000000e+02
7.500000000000000000e+01 3.550000000000000000e+02
8.000000000000000000e+01 3.500000000000000000e+02
7.500000000000000000e+01 3.550000000000000000e+02
8.000000000000000000e+01 3.500000000000000000e+02
7.500000000000000000e+01 3.550000000000000000e+02
8.000000000000000000e+01 3.500000000000000000e+02
7.500000000000000000e+01 3.550000000000000000e+02
8.000000000000000000e+01 3.500000000000000000e+02
7.500000000000000000e+01 3.550000000000000000e+02
8.000000000000000000e+01 3.500000000000000000e+02
7.500000000000000000e+01 3.550000000000000000e+02
8.000000000000000000e+01 3.500000000000000000e+02
7.500000000000000000e+01 3.550000000000000000e+02
8.000000000000000000e+01 3.500000000000000000e+02
7.500000000000000000e+01 3.550000000000000000e+02
8.000000000000000000e+01 3.500000000000000000e+02
7.500000000000000000e+01 3.550000000000000000e+02
8.000000000000000000e+01 3.500000000000000000e+02
7.500000000000000000e+01 3.550000000000000000e+02
8.000000000000000000e+01 3.500000000000000000e+02
7.500000000000000000e+01 3.550000000000000000e+02
8.000000000000000000e+01 3.500000000000000000e+02
7.500000000000000000e+01 3.550000000000000000e+02
8.000000000000000000e+01 3.500000000000000000e+02
7.500000000000000000e+01 3.550000000000000000e+02
8.000000000000000000e+01 3.500000000000000000e+02
7.500000000000000000e+01 3.550000000000000000e+02
8.000000000000000000e+01 3.500000000000000000e+02
7.500000000000000000e+01 3.550000000000000000e+02
8.000000000000000000e+01 3.500000000000000000e+02
7.500000000000000000e+01 3.550000000000000000e+02
8.000000000000000000e+01 3.500000000000000000e+02
7.500000000000000000e+01 3.550000000000000000e+02
8.000000000000000000e+01 3.500000000000000000e+02
7.500000000000000000e+01 3.550000000000000000e+02
8.000000000000000000e+01 3.500000000000000000e+02
7.500000000000000000e+01 3.550000000000000000e+02
8.000000000000000000e+01 3.500000000000000000e+02
7.500000000000000000e+01 3.550000000000000000e+02
8.000000000000000000e+01 3.500000000000000000e+02
7.500000000000000000e+01 3.550000000000000000e+02
8.000000000000000000e+01 3.500000000000000000e+02
7.500000000000000000e+01 3.550000000000000000e+02
8.000000000000000000e+01 3.500000000000000000e+02
7.500000000000000000e+01 3.550000000000000000e+02
8.000000000000000000e+01 3.500000000000000000e+02
7.500000000000000000e+01 3.550000000000000000e+02
8.000000000000000000e+01 3.500000000000000000e+02
7.500000000000000000e+01 3.550000000000000000e+02
8.000000000000000000e+01 3.500000000000000000e+02
7.500000000000000000e+01 3.550000000000000000e+02
8.000000000000000000e+01 3.500000000000000000e+02
7.500000000000000000e+01 3.550000000000000000e+02
8.000000000000000000e+01 3.500000000000000000e+02
7.500000000000000000e+01 3.550000000000000000e+02
8.000000000000000000e+01 3.500000000000000000e+02
7.500000000000000000e+01 3.550000000000000000e+02
8.000000000000000000e+01 3.500000000000000000e+02
7.500000000000000000e+01 3.550000000000000000e+02
8.000000000000000000e+01 3.500000000000000000e+02
7.500000000000000000e+01 3.550000000000000000e+02
8.000000000000000000e+01 3.500000000000000000e+02
7.500000000000000000e+01 3.550000000000000000e+02
8.000000000000000000e+01 3.500000000000000000e+02
7.500000000000000000e+01 3.550000000000000000e+02
8.000000000000000000e+01 3.500000000000000000e+02
7.500000000000000000e+01 3.550000000000000000e+02
8.000000000000000000e+01 3.500000000000000000e+02
7.500000000000000000e+01 3.550000000000000000e+02
8.000000000000000000e+01 3.500000000000000000e+02
7.500000000000000000e+01 3.550000000000000000e+02
8.000000000000000000e+01 3.500000000000000000e+02
7.500000000000000000e+01 3.550000000000000000e+02
8.000000000000000000e+01 3.500000000000000000e+02
7.500000000000000000e+01 3.550000000000000000e+02
8.000000000000000000e+01 3.500000000000000000e+02
7.500000000000000000e+01 3.550000000000000000e+02
8.000000000000000000e+01 3.500000000000000000e+02
7.500000000000000000e+01 3.550000000000000000e+02
8.000000000000000000e+01 3.500000000000000000e+02
7.500000000000000000e+01 3.550000000000000000e+02
8.000000000000000000e+01 3.500000000000000000e+02
7.500000000000000000e+01 3.550000000000000000e+02
8.000000000000000000e+01 3.500000000000000000e+02
7.500000000000000000e+01 3.550000000000000000e+02
8.000000000000000000e+01 3.500000000000000000e+02
7.500000000000000000e+01 3.550000000000000000e+02
8.000000000000000000e+01 3.500000000000000000e+02
7.500000000000000000e+01 3.550000000000000000e+02
8.000000000000000000e+01 3.500000000000000000e+02
7.500000000000000000e+01 3.550000000000000000e+02
8.000000000000000000e+01 3.500000000000000000e+02
7.500000000000000000e+01 3.550000000000000000e+02
8.000000000000000000e+01 3.500000000000000000e+02
7.500000000000000000e+01 3.550000000000000000e+02
8.000000000000000000e+01 3.500000000000000000e+02
7.500000000000000000e+01 3.550000000000000000e+02
8.000000000000000000e+01 3.500000000000000000e+02
7.500000000000000000e+01 3.550000000000000000e+02
8.000000000000000000e+01 3.500000000000000000e+02
7.500000000000000000e+01 3.550000000000000000e+02
8.000000000000000000e+01 3.500000000000000000e+02
7.500000000000000000e+01 3.550000000000000000e+02
8.000000000000000000e+01 3.500000000000000000e+02
7.500000000000000000e+01 3.550000000000000000e+02
8.000000000000000000e+01 3.500000000000000000e+02
7.500000000000000000e+01 3.550000000000000000e+02
8.000000000000000000e+01 3.500000000000000000e+02
7.500000000000000000e+01 3.550000000000000000e+02
8.000000000000000000e+01 3.500000000000000000e+02
7.500000000000000000e+01 3.550000000000000000e+02
8.000000000000000000e+01 3.500000000000000000e+02
7.500000000000000000e+01 3.550000000000000000e+02
8.000000000000000000e+01 3.500000000000000000e+02
7.500000000000000000e+01 3.550000000000000000e+02
8.000000000000000000e+01 3.500000000000000000e+02
7.500000000000000000e+01 3.550000000000000000e+02
8.000000000000000000e+01 3.500000000000000000e+02
7.500000000000000000e+01 3.550000000000000000e+02
8.000000000000000000e+01 3.500000000000000000e+02
7.500000000000000000e+01 3.550000000000000000e+02
8.000000000000000000e+01 3.500000000000000000e+02
7.500000000000000000e+01 3.550000000000000000e+02
8.000000000000000000e+01 3.500000000000000000e+02
7.500000000000000000e+01 3.550000000000000000e+02
8.000000000000000000e+01 3.500000000000000000e+02
7.500000000000000000e+01 3.550000000000000000e+02
8.000000000000000000e+01 3.500000000000000000e+02
7.500000000000000000e+01 3.550000000000000000e+02
8.000000000000000000e+01 3.500000000000000000e+02
7.500000000000000000e+01 3.550000000000000000e+02
8.000000000000000000e+01 3.500000000000000000e+02
7.500000000000000000e+01 3.550000000000000000e+02
8.000000000000000000e+01 3.500000000000000000e+02
7.500000000000000000e+01 3.550000000000000000e+02
8.000000000000000000e+01 3.500000000000000000e+02
7.500000000000000000e+01 3.550000000000000000e+02
8.000000000000000000e+01 3.500000000000000000e+02
7.500000000000000000e+01 3.550000000000000000e+02
8.000000000000000000e+01 3.500000000000000000e+02
7.500000000000000000e+01 3.550000000000000000e+02
8.000000000000000000e+01 3.500000000000000000e+02
7.500000000000000000e+01 3.550000000000000000e+02
8.000000000000000000e+01 3.500000000000000000e+02
7.500000000000000000e+01 3.550000000000000000e+02
8.000000000000000000e+01 3.500000000000000000e+02
7.500000000000000000e+01 3.550000000000000000e+02
8.000000000000000000e+01 3.500000000000000000e+02
7.500000000000000000e+01 3.550000000000000000e+02
8.000000000000000000e+01 3.500000000000000000e+02
7.500000000000000000e+01 3.550000000000000000e+02
8.000000000000000000e+01 3.500000000000000000e+02
7.500000000000000000e+01 3.550000000000000000e+02
8.000000000000000000e+01 3.500000000000000000e+02
7.500000000000000000e+01 3.550000000000000000e+02
8.000000000000000000e+01 3.500000000000000000e+02
7.500000000000000000e+01 3.550000000000000000e+02
8.000000000000000000e+01 3.500000000000000000e+02
7.500000000000000000e+01 3.550000000000000000e+02
8.000000000000000000e+01 3.500000000000000000e+02
7.500000000000000000e+01 3.550000000000000000e+02
8.000000000000000000e+01 3.500000000000000000e+02
7.500000000000000000e+01 3.550000000000000000e+02
8.000000000000000000e+01 3.500000000000000000e+02
7.500000000000000000e+01 3.550000000000000000e+02
8.000000000000000000e+01 3.500000000000000000e+02
7.500000000000000000e+01 3.550000000000000000e+02
8.000000000000000000e+01 3.500000000000000000e+02
7.500000000000000000e+01 3.550000000000000000e+02
8.000000000000000000e+01 3.500000000000000000e+02
7.500000000000000000e+01 3.550000000000000000e+02
8.000000000000000000e+01 3.500000000000000000e+02
7.500000000000000000e+01 3.550000000000000000e+02
8.000000000000000000e+01 3.500000000000000000e+02
7.500000000000000000e+01 3.550000000000000000e+02
8.000000000000000000e+01 3.500000000000000000e+02
7.500000000000000000e+01 3.550000000000000000e+02
8.000000000000000000e+01 3.500000000000000000e+02
7.500000000000000000e+01 3.550000000000000000e+02
8.000000000000000000e+01 3.500000000000000000e+02
7.500000000000000000e+01 3.550000000000000000e+02
8.000000000000000000e+01 3.500000000000000000e+02
7.500000000000000000e+01 3.550000000000000000e+02
8.000000000000000000e+01 3.500000000000000000e+02
7.500000000000000000e+01 3.550000000000000000e+02
8.000000000000000000e+01 3.500000000000000000e+02
7.500000000000000000e+01 3.550000000000000000e+02
8.000000000000000000e+01 3.500000000000000000e+02
7.500000000000000000e+01 3.550000000000000000e+02
8.000000000000000000e+01 3.500000000000000000e+02
7.500000000000000000e+01 3.550000000000000000e+02
8.000000000000000000e+01 3.500000000000000000e+02
7.500000000000000000e+01 3.550000000000000000e+02
8.000000000000000000e+01 3.500000000000000000e+02
7.500000000000000000e+01 3.550000000000000000e+02
8.000000000000000000e+01 3.500000000000000000e+02
7.500000000000000000e+01 3.550000000000000000e+02
8.000000000000000000e+01 3.500000000000000000e+02
7.500000000000000000e+01 3.550000000000000000e+02
8.000000000000000000e+01 3.500000000000000000e+02
7.500000000000000000e+01 3.550000000000000000e+02
8.000000000000000000e+01 3.500000000000000000e+02
7.500000000000000000e+01 3.550000000000000000e+02
8.000000000000000000e+01 3.500000000000000000e+02
7.500000000000000000e+01 3.550000000000000000e+02
8.000000000000000000e+01 3.500000000000000000e+02
7.500000000000000000e+01 3.550000000000000000e+02
8.000000000000000000e+01 3.500000000000000000e+02
7.500000000000000000e+01 3.550000000000000000e+02
8.000000000000000000e+01 3.500000000000000000e+02
7.500000000000000000e+01 3.550000000000000000e+02
8.000000000000000000e+01 3.500000000000000000e+02
7.500000000000000000e+01 3.550000000000000000e+02
8.000000000000000000e+01 3.500000000000000000e+02
7.500000000000000000e+01 3.550000000000000000e+02
8.000000000000000000e+01 3.500000000000000000e+02
7.500000000000000000e+01 3.550000000000000000e+02
8.000000000000000000e+01 3.500000000000000000e+02
7.500000000000000000e+01 3.550000000000000000e+02
8.000000000000000000e+01 3.500000000000000000e+02
7.500000000000000000e+01 3.550000000000000000e+02
8.000000000000000000e+01 3.500000000000000000e+02
7.500000000000000000e+01 3.550000000000000000e+02
8.000000000000000000e+01 3.500000000000000000e+02
7.500000000000000000e+01 3.550000000000000000e+02
8.000000000000000000e+01 3.500000000000000000e+02
7.500000000000000000e+01 3.550000000000000000e+02
8.000000000000000000e+01 3.500000000000000000e+02
7.500000000000000000e+01 3.550000000000000000e+02
8.000000000000000000e+01 3.500000000000000000e+02
7.500000000000000000e+01 3.550000000000000000e+02
8.000000000000000000e+01 3.500000000000000000e+02
7.500000000000000000e+01 3.550000000000000000e+02
8.000000000000000000e+01 3.500000000000000000e+02
7.500000000000000000e+01 3.550000000000000000e+02
8.000000000000000000e+01 3.500000000000000000e+02
7.500000000000000000e+01 3.550000000000000000e+02
8.000000000000000000e+01 3.500000000000000000e+02
7.500000000000000000e+01 3.550000000000000000e+02
8.000000000000000000e+01 3.500000000000000000e+02
7.500000000000000000e+01 3.550000000000000000e+02
8.000000000000000000e+01 3.500000000000000000e+02
7.500000000000000000e+01 3.550000000000000000e+02
8.000000000000000000e+01 3.500000000000000000e+02
7.500000000000000000e+01 3.550000000000000000e+02
8.000000000000000000e+01 3.500000000000000000e+02
7.500000000000000000e+01 3.550000000000000000e+02
8.000000000000000000e+01 3.500000000000000000e+02
7.500000000000000000e+01 3.550000000000000000e+02
8.000000000000000000e+01 3.500000000000000000e+02
7.500000000000000000e+01 3.550000000000000000e+02
8.000000000000000000e+01 3.500000000000000000e+02
7.500000000000000000e+01 3.550000000000000000e+02
8.000000000000000000e+01 3.500000000000000000e+02
7.500000000000000000e+01 3.550000000000000000e+02
8.000000000000000000e+01 3.500000000000000000e+02
7.500000000000000000e+01 3.550000000000000000e+02
8.000000000000000000e+01 3.500000000000000000e+02
7.500000000000000000e+01 3.550000000000000000e+02
8.000000000000000000e+01 3.500000000000000000e+02
7.500000000000000000e+01 3.550000000000000000e+02
8.000000000000000000e+01 3.500000000000000000e+02
7.500000000000000000e+01 3.550000000000000000e+02
8.000000000000000000e+01 3.500000000000000000e+02
7.500000000000000000e+01 3.550000000000000000e+02
8.000000000000000000e+01 3.500000000000000000e+02
7.500000000000000000e+01 3.550000000000000000e+02
8.000000000000000000e+01 3.500000000000000000e+02
7.500000000000000000e+01 3.550000000000000000e+02
8.000000000000000000e+01 3.500000000000000000e+02
7.500000000000000000e+01 3.550000000000000000e+02
8.000000000000000000e+01 3.500000000000000000e+02
7.500000000000000000e+01 3.550000000000000000e+02
8.000000000000000000e+01 3.500000000000000000e+02
7.500000000000000000e+01 3.550000000000000000e+02
8.000000000000000000e+01 3.500000000000000000e+02
7.500000000000000000e+01 3.550000000000000000e+02
8.000000000000000000e+01 3.500000000000000000e+02
7.500000000000000000e+01 3.550000000000000000e+02
8.000000000000000000e+01 3.500000000000000000e+02
7.500000000000000000e+01 3.550000000000000000e+02
8.000000000000000000e+01 3.500000000000000000e+02
7.500000000000000000e+01 3.550000000000000000e+02
8.000000000000000000e+01 3.500000000000000000e+02
7.500000000000000000e+01 3.550000000000000000e+02
8.000000000000000000e+01 3.500000000000000000e+02
7.500000000000000000e+01 3.550000000000000000e+02
8.000000000000000000e+01 3.500000000000000000e+02
7.500000000000000000e+01 3.550000000000000000e+02
8.000000000000000000e+01 3.500000000000000000e+02
7.500000000000000000e+01 3.550000000000000000e+02
8.000000000000000000e+01 3.500000000000000000e+02
7.500000000000000000e+01 3.550000000000000000e+02
8.000000000000000000e+01 3.500000000000000000e+02
7.500000000000000000e+01 3.550000000000000000e+02
8.000000000000000000e+01 3.500000000000000000e+02
7.500000000000000000e+01 3.550000000000000000e+02
8.000000000000000000e+01 3.500000000000000000e+02
7.500000000000000000e+01 3.550000000000000000e+02
8.000000000000000000e+01 3.500000000000000000e+02
7.500000000000000000e+01 3.550000000000000000e+02
8.000000000000000000e+01 3.500000000000000000e+02
7.500000000000000000e+01 3.550000000000000000e+02
8.000000000000000000e+01 3.500000000000000000e+02
7.500000000000000000e+01 3.550000000000000000e+02
8.000000000000000000e+01 3.500000000000000000e+02
7.500000000000000000e+01 3.550000000000000000e+02
8.000000000000000000e+01 3.500000000000000000e+02
7.500000000000000000e+01 3.550000000000000000e+02
8.000000000000000000e+01 3.500000000000000000e+02
7.500000000000000000e+01 3.550000000000000000e+02
8.000000000000000000e+01 3.500000000000000000e+02
7.500000000000000000e+01 3.550000000000000000e+02
8.000000000000000000e+01 3.500000000000000000e+02
7.500000000000000000e+01 3.550000000000000000e+02
8.000000000000000000e+01 3.500000000000000000e+02
7.500000000000000000e+01 3.550000000000000000e+02
8.000000000000000000e+01 3.500000000000000000e+02
7.500000000000000000e+01 3.550000000000000000e+02
8.000000000000000000e+01 3.500000000000000000e+02
7.500000000000000000e+01 3.550000000000000000e+02
8.000000000000000000e+01 3.500000000000000000e+02
7.500000000000000000e+01 3.550000000000000000e+02
8.000000000000000000e+01 3.500000000000000000e+02
7.500000000000000000e+01 3.550000000000000000e+02
8.000000000000000000e+01 3.500000000000000000e+02
7.500000000000000000e+01 3.550000000000000000e+02
8.000000000000000000e+01 3.500000000000000000e+02
7.500000000000000000e+01 3.550000000000000000e+02
8.000000000000000000e+01 3.500000000000000000e+02
7.500000000000000000e+01 3.550000000000000000e+02
8.000000000000000000e+01 3.500000000000000000e+02
7.500000000000000000e+01 3.550000000000000000e+02
8.000000000000000000e+01 3.500000000000000000e+02
7.500000000000000000e+01 3.550000000000000000e+02
8.000000000000000000e+01 3.500000000000000000e+02
7.500000000000000000e+01 3.550000000000000000e+02
8.000000000000000000e+01 3.500000000000000000e+02
7.500000000000000000e+01 3.550000000000000000e+02
8.000000000000000000e+01 3.500000000000000000e+02
7.500000000000000000e+01 3.550000000000000000e+02
8.000000000000000000e+01 3.500000000000000000e+02
7.500000000000000000e+01 3.550000000000000000e+02
8.000000000000000000e+01 3.500000000000000000e+02
7.500000000000000000e+01 3.550000000000000000e+02
8.000000000000000000e+01 3.500000000000000000e+02
7.500000000000000000e+01 3.550000000000000000e+02
8.000000000000000000e+01 3.500000000000000000e+02
7.500000000000000000e+01 3.550000000000000000e+02
8.000000000000000000e+01 3.500000000000000000e+02
7.500000000000000000e+01 3.550000000000000000e+02
8.000000000000000000e+01 3.500000000000000000e+02
7.500000000000000000e+01 3.550000000000000000e+02
8.000000000000000000e+01 3.500000000000000000e+02
7.500000000000000000e+01 3.550000000000000000e+02
8.000000000000000000e+01 3.500000000000000000e+02
7.500000000000000000e+01 3.550000000000000000e+02
8.000000000000000000e+01 3.500000000000000000e+02
7.500000000000000000e+01 3.550000000000000000e+02
8.000000000000000000e+01 3.500000000000000000e+02
7.500000000000000000e+01 3.550000000000000000e+02
8.000000000000000000e+01 3.500000000000000000e+02
7.500000000000000000e+01 3.550000000000000000e+02
8.000000000000000000e+01 3.500000000000000000e+02
7.500000000000000000e+01 3.550000000000000000e+02
8.000000000000000000e+01 3.500000000000000000e+02
7.500000000000000000e+01 3.550000000000000000e+02
8.000000000000000000e+01 3.500000000000000000e+02
7.500000000000000000e+01 3.550000000000000000e+02
8.000000000000000000e+01 3.500000000000000000e+02
7.500000000000000000e+01 3.550000000000000000e+02
8.000000000000000000e+01 3.500000000000000000e+02
7.500000000000000000e+01 3.550000000000000000e+02
8.000000000000000000e+01 3.500000000000000000e+02
7.500000000000000000e+01 3.550000000000000000e+02
8.000000000000000000e+01 3.500000000000000000e+02
7.500000000000000000e+01 3.550000000000000000e+02
8.000000000000000000e+01 3.500000000000000000e+02
7.500000000000000000e+01 3.550000000000000000e+02
8.000000000000000000e+01 3.500000000000000000e+02
7.500000000000000000e+01 3.550000000000000000e+02
8.000000000000000000e+01 3.500000000000000000e+02
7.500000000000000000e+01 3.550000000000000000e+02
8.000000000000000000e+01 3.500000000000000000e+02
7.500000000000000000e+01 3.550000000000000000e+02
8.000000000000000000e+01 3.500000000000000000e+02
7.500000000000000000e+01 3.550000000000000000e+02
8.000000000000000000e+01 3.500000000000000000e+02
7.500000000000000000e+01 3.550000000000000000e+02
8.000000000000000000e+01 3.500000000000000000e+02
7.500000000000000000e+01 3.550000000000000000e+02
8.000000000000000000e+01 3.500000000000000000e+02
7.500000000000000000e+01 3.550000000000000000e+02
8.000000000000000000e+01 3.500000000000000000e+02
7.500000000000000000e+01 3.550000000000000000e+02
8.000000000000000000e+01 3.500000000000000000e+02
7.500000000000000000e+01 3.550000000000000000e+02
8.000000000000000000e+01 3.500000000000000000e+02
7.500000000000000000e+01 3.550000000000000000e+02
8.000000000000000000e+01 3.500000000000000000e+02
7.500000000000000000e+01 3.550000000000000000e+02
8.000000000000000000e+01 3.500000000000000000e+02
7.500000000000000000e+01 3.550000000000000000e+02
8.000000000000000000e+01 3.500000000000000000e+02
7.500000000000000000e+01 3.550000000000000000e+02
8.000000000000000000e+01 3.500000000000000000e+02
7.500000000000000000e+01 3.550000000000000000e+02
8.000000000000000000e+01 3.500000000000000000e+02
7.500000000000000000e+01 3.550000000000000000e+02
8.000000000000000000e+01 3.500000000000000000e+02
7.500000000000000000e+01 3.550000000000000000e+02
8.000000000000000000e+01 3.500000000000000000e+02
7.500000000000000000e+01 3.550000000000000000e+02
8.000000000000000000e+01 3.500000000000000000e+02
7.500000000000000000e+01 3.550000000000000000e+02
8.000000000000000000e+01 3.500000000000000000e+02
7.500000000000000000e+01 3.550000000000000000e+02
8.000000000000000000e+01 3.500000000000000000e+02
7.500000000000000000e+01 3.550000000000000000e+02
8.000000000000000000e+01 3.500000000000000000e+02
7.500000000000000000e+01 3.550000000000000000e+02
8.000000000000000000e+01 3.500000000000000000e+02
7.500000000000000000e+01 3.550000000000000000e+02
8.000000000000000000e+01 3.500000000000000000e+02
7.500000000000000000e+01 3.550000000000000000e+02
8.000000000000000000e+01 3.500000000000000000e+02
7.500000000000000000e+01 3.550000000000000000e+02
8.000000000000000000e+01 3.500000000000000000e+02
7.500000000000000000e+01 3.550000000000000000e+02
8.000000000000000000e+01 3.500000000000000000e+02
7.500000000000000000e+01 3.550000000000000000e+02
8.000000000000000000e+01 3.500000000000000000e+02
7.500000000000000000e+01 3.550000000000000000e+02
8.000000000000000000e+01 3.500000000000000000e+02
7.500000000000000000e+01 3.550000000000000000e+02
8.000000000000000000e+01 3.500000000000000000e+02
7.500000000000000000e+01 3.550000000000000000e+02
8.000000000000000000e+01 3.500000000000000000e+02
7.500000000000000000e+01 3.550000000000000000e+02
8.000000000000000000e+01 3.500000000000000000e+02
7.500000000000000000e+01 3.550000000000000000e+02
8.000000000000000000e+01 3.500000000000000000e+02
7.500000000000000000e+01 3.550000000000000000e+02
8.000000000000000000e+01 3.500000000000000000e+02
7.500000000000000000e+01 3.550000000000000000e+02
8.000000000000000000e+01 3.500000000000000000e+02
7.500000000000000000e+01 3.550000000000000000e+02
8.000000000000000000e+01 3.500000000000000000e+02
7.500000000000000000e+01 3.550000000000000000e+02
8.000000000000000000e+01 3.500000000000000000e+02
7.500000000000000000e+01 3.550000000000000000e+02
8.000000000000000000e+01 3.500000000000000000e+02
7.500000000000000000e+01 3.550000000000000000e+02
8.000000000000000000e+01 3.500000000000000000e+02
7.500000000000000000e+01 3.550000000000000000e+02
8.000000000000000000e+01 3.500000000000000000e+02
7.500000000000000000e+01 3.550000000000000000e+02
8.000000000000000000e+01 3.500000000000000000e+02
7.500000000000000000e+01 3.550000000000000000e+02
8.000000000000000000e+01 3.500000000000000000e+02
7.500000000000000000e+01 3.550000000000000000e+02
8.000000000000000000e+01 3.500000000000000000e+02
7.500000000000000000e+01 3.550000000000000000e+02
8.000000000000000000e+01 3.500000000000000000e+02
7.500000000000000000e+01 3.550000000000000000e+02
8.000000000000000000e+01 3.500000000000000000e+02
7.500000000000000000e+01 3.550000000000000000e+02
8.000000000000000000e+01 3.500000000000000000e+02
7.500000000000000000e+01 3.550000000000000000e+02
8.000000000000000000e+01 3.500000000000000000e+02
7.500000000000000000e+01 3.550000000000000000e+02
8.000000000000000000e+01 3.500000000000000000e+02
7.500000000000000000e+01 3.550000000000000000e+02
8.000000000000000000e+01 3.500000000000000000e+02
7.500000000000000000e+01 3.550000000000000000e+02
8.000000000000000000e+01 3.500000000000000000e+02
7.500000000000000000e+01 3.550000000000000000e+02
8.000000000000000000e+01 3.500000000000000000e+02
7.500000000000000000e+01 3.550000000000000000e+02
8.000000000000000000e+01 3.500000000000000000e+02
7.500000000000000000e+01 3.550000000000000000e+02
8.000000000000000000e+01 3.500000000000000000e+02
7.500000000000000000e+01 3.550000000000000000e+02
8.000000000000000000e+01 3.500000000000000000e+02
7.500000000000000000e+01 3.550000000000000000e+02
8.000000000000000000e+01 3.500000000000000000e+02
7.500000000000000000e+01 3.550000000000000000e+02
8.000000000000000000e+01 3.500000000000000000e+02
7.500000000000000000e+01 3.550000000000000000e+02
8.000000000000000000e+01 3.500000000000000000e+02
7.500000000000000000e+01 3.550000000000000000e+02
8.000000000000000000e+01 3.500000000000000000e+02
7.500000000000000000e+01 3.550000000000000000e+02
8.000000000000000000e+01 3.500000000000000000e+02
7.500000000000000000e+01 3.550000000000000000e+02
8.000000000000000000e+01 3.500000000000000000e+02
7.500000000000000000e+01 3.550000000000000000e+02
8.000000000000000000e+01 3.500000000000000000e+02
7.500000000000000000e+01 3.550000000000000000e+02
8.000000000000000000e+01 3.500000000000000000e+02
7.500000000000000000e+01 3.550000000000000000e+02
8.000000000000000000e+01 3.500000000000000000e+02
7.500000000000000000e+01 3.550000000000000000e+02
8.000000000000000000e+01 3.500000000000000000e+02
7.500000000000000000e+01 3.550000000000000000e+02
8.000000000000000000e+01 3.500000000000000000e+02
7.500000000000000000e+01 3.550000000000000000e+02
8.000000000000000000e+01 3.500000000000000000e+02
7.500000000000000000e+01 3.550000000000000000e+02
8.000000000000000000e+01 3.500000000000000000e+02
7.500000000000000000e+01 3.550000000000000000e+02
8.000000000000000000e+01 3.500000000000000000e+02
7.500000000000000000e+01 3.550000000000000000e+02
8.000000000000000000e+01 3.500000000000000000e+02
7.500000000000000000e+01 3.550000000000000000e+02
8.000000000000000000e+01 3.500000000000000000e+02
7.500000000000000000e+01 3.550000000000000000e+02
8.000000000000000000e+01 3.500000000000000000e+02
7.500000000000000000e+01 3.550000000000000000e+02
8.000000000000000000e+01 3.500000000000000000e+02
7.500000000000000000e+01 3.550000000000000000e+02
8.000000000000000000e+01 3.500000000000000000e+02
7.500000000000000000e+01 3.550000000000000000e+02
8.000000000000000000e+01 3.500000000000000000e+02
7.500000000000000000e+01 3.550000000000000000e+02
8.000000000000000000e+01 3.500000000000000000e+02
7.500000000000000000e+01 3.550000000000000000e+02
8.000000000000000000e+01 3.500000000000000000e+02
7.500000000000000000e+01 3.550000000000000000e+02
8.000000000000000000e+01 3.500000000000000000e+02
7.500000000000000000e+01 3.550000000000000000e+02
8.000000000000000000e+01 3.500000000000000000e+02
7.500000000000000000e+01 3.550000000000000000e+02
8.000000000000000000e+01 3.500000000000000000e+02
7.500000000000000000e+01 3.550000000000000000e+02
8.000000000000000000e+01 3.500000000000000000e+02
7.500000000000000000e+01 3.550000000000000000e+02
8.000000000000000000e+01 3.500000000000000000e+02
7.500000000000000000e+01 3.550000000000000000e+02
8.000000000000000000e+01 3.500000000000000000e+02
7.500000000000000000e+01 3.550000000000000000e+02
8.000000000000000000e+01 3.500000000000000000e+02
7.500000000000000000e+01 3.550000000000000000e+02
8.000000000000000000e+01 3.500000000000000000e+02
7.500000000000000000e+01 3.550000000000000000e+02
8.000000000000000000e+01 3.500000000000000000e+02
7.500000000000000000e+01 3.550000000000000000e+02
8.000000000000000000e+01 3.500000000000000000e+02
7.500000000000000000e+01 3.550000000000000000e+02
8.000000000000000000e+01 3.500000000000000000e+02
7.500000000000000000e+01 3.550000000000000000e+02
8.000000000000000000e+01 3.500000000000000000e+02
7.500000000000000000e+01 3.550000000000000000e+02
8.000000000000000000e+01 3.500000000000000000e+02
7.500000000000000000e+01 3.550000000000000000e+02
8.000000000000000000e+01 3.500000000000000000e+02
7.500000000000000000e+01 3.550000000000000000e+02
8.000000000000000000e+01 3.500000000000000000e+02
7.500000000000000000e+01 3.550000000000000000e+02
8.000000000000000000e+01 3.500000000000000000e+02
7.500000000000000000e+01 3.550000000000000000e+02
8.000000000000000000e+01 3.500000000000000000e+02
7.500000000000000000e+01 3.550000000000000000e+02
8.000000000000000000e+01 3.500000000000000000e+02
7.500000000000000000e+01 3.550000000000000000e+02
8.000000000000000000e+01 3.500000000000000000e+02
7.500000000000000000e+01 3.550000000000000000e+02
8.000000000000000000e+01 3.500000000000000000e+02
7.500000000000000000e+01 3.550000000000000000e+02
8.000000000000000000e+01 3.500000000000000000e+02
7.500000000000000000e+01 3.550000000000000000e+02
8.000000000000000000e+01 3.500000000000000000e+02
7.500000000000000000e+01 3.550000000000000000e+02
8.000000000000000000e+01 3.500000000000000000e+02
7.500000000000000000e+01 3.550000000000000000e+02
8.000000000000000000e+01 3.500000000000000000e+02
7.500000000000000000e+01 3.550000000000000000e+02
8.000000000000000000e+01 3.500000000000000000e+02
7.500000000000000000e+01 3.550000000000000000e+02
8.000000000000000000e+01 3.500000000000000000e+02
7.500000000000000000e+01 3.550000000000000000e+02
8.000000000000000000e+01 3.500000000000000000e+02
7.500000000000000000e+01 3.550000000000000000e+02
8.000000000000000000e+01 3.500000000000000000e+02
7.500000000000000000e+01 3.550000000000000000e+02
8.000000000000000000e+01 3.500000000000000000e+02
7.500000000000000000e+01 3.550000000000000000e+02
8.000000000000000000e+01 3.500000000000000000e+02
7.500000000000000000e+01 3.550000000000000000e+02
8.000000000000000000e+01 3.500000000000000000e+02
7.500000000000000000e+01 3.550000000000000000e+02
8.000000000000000000e+01 3.500000000000000000e+02
7.500000000000000000e+01 3.550000000000000000e+02
8.000000000000000000e+01 3.500000000000000000e+02
7.500000000000000000e+01 3.550000000000000000e+02
8.000000000000000000e+01 3.500000000000000000e+02
7.500000000000000000e+01 3.550000000000000000e+02
8.000000000000000000e+01 3.500000000000000000e+02
7.500000000000000000e+01 3.550000000000000000e+02
8.000000000000000000e+01 3.500000000000000000e+02
7.500000000000000000e+01 3.550000000000000000e+02
8.000000000000000000e+01 3.500000000000000000e+02
7.500000000000000000e+01 3.550000000000000000e+02
8.000000000000000000e+01 3.500000000000000000e+02
7.500000000000000000e+01 3.550000000000000000e+02
8.000000000000000000e+01 3.500000000000000000e+02
7.500000000000000000e+01 3.550000000000000000e+02
8.000000000000000000e+01 3.500000000000000000e+02
7.500000000000000000e+01 3.550000000000000000e+02
8.000000000000000000e+01 3.500000000000000000e+02
7.500000000000000000e+01 3.550000000000000000e+02
8.000000000000000000e+01 3.500000000000000000e+02
7.500000000000000000e+01 3.550000000000000000e+02
8.000000000000000000e+01 3.500000000000000000e+02
7.500000000000000000e+01 3.550000000000000000e+02
8.000000000000000000e+01 3.500000000000000000e+02
7.500000000000000000e+01 3.550000000000000000e+02
8.000000000000000000e+01 3.500000000000000000e+02
7.500000000000000000e+01 3.550000000000000000e+02
8.000000000000000000e+01 3.500000000000000000e+02
7.500000000000000000e+01 3.550000000000000000e+02
8.000000000000000000e+01 3.500000000000000000e+02
7.500000000000000000e+01 3.550000000000000000e+02
8.000000000000000000e+01 3.500000000000000000e+02
7.500000000000000000e+01 3.550000000000000000e+02
8.000000000000000000e+01 3.500000000000000000e+02
7.500000000000000000e+01 3.550000000000000000e+02
8.000000000000000000e+01 3.500000000000000000e+02
7.500000000000000000e+01 3.550000000000000000e+02
8.000000000000000000e+01 3.500000000000000000e+02
7.500000000000000000e+01 3.550000000000000000e+02
8.000000000000000000e+01 3.500000000000000000e+02
7.500000000000000000e+01 3.550000000000000000e+02
8.000000000000000000e+01 3.500000000000000000e+02
7.500000000000000000e+01 3.550000000000000000e+02
8.000000000000000000e+01 3.500000000000000000e+02
7.500000000000000000e+01 3.550000000000000000e+02
8.000000000000000000e+01 3.500000000000000000e+02
7.500000000000000000e+01 3.550000000000000000e+02
8.000000000000000000e+01 3.500000000000000000e+02
7.500000000000000000e+01 3.550000000000000000e+02
8.000000000000000000e+01 3.500000000000000000e+02
7.500000000000000000e+01 3.550000000000000000e+02
8.000000000000000000e+01 3.500000000000000000e+02
7.500000000000000000e+01 3.550000000000000000e+02
8.000000000000000000e+01 3.500000000000000000e+02
7.500000000000000000e+01 3.550000000000000000e+02
8.000000000000000000e+01 3.500000000000000000e+02
7.500000000000000000e+01 3.550000000000000000e+02
8.000000000000000000e+01 3.500000000000000000e+02
7.500000000000000000e+01 3.550000000000000000e+02
8.000000000000000000e+01 3.500000000000000000e+02
7.500000000000000000e+01 3.550000000000000000e+02
8.000000000000000000e+01 3.500000000000000000e+02
7.500000000000000000e+01 3.550000000000000000e+02
8.000000000000000000e+01 3.500000000000000000e+02
7.500000000000000000e+01 3.550000000000000000e+02
8.000000000000000000e+01 3.500000000000000000e+02
7.500000000000000000e+01 3.550000000000000000e+02
8.000000000000000000e+01 3.500000000000000000e+02
7.500000000000000000e+01 3.550000000000000000e+02
